$ANSIBLE_VAULT;1.1;AES256
35303434306431333437366234656234363636313135356132386333623634396633356437366238
3064616463396432323636353331336535313139363161610a353738346531333866633238643864
30386531303834336634366365636366653935323532323239373565623366346363313431376630
3639343235656663360a613939303063383331373234396434666132623434333038393662366564
37653162303932343032383530616435613833386137643538343130653065623464336431623531
32346466343136303733373964363237656234373338656435646530616363623930396138633361
64393434663064646365373264623363636334653439663964613030373931393435323662646538
66386336623630333364663435313866376366356336323662316131613839663435353339333366
35323731343663346338636135383062663437353961643534643761643061623831653432343633
34353031396334663831316364363662316631323037333233633334636363613461623635633436
62363239356539656161386531353336316130633662646233333233373466363563616530616532
38343430666139663239623131633063366663323964323561363335663132313065366436633537
65646461306437366333313534343438363838376161356266643262333231396339643963653366
30396265323561643464373438336134366438333934613139376561373563376161626236336532
39393032383835336237663065356665303233303931363532333935376532643539633765303033
38333734616430373735373035373733306539653834356338343130636439363931633832356531
33633335336434333530393765336435346136366638626239303636336661366165366164373935
66633339353034353934383938303063353434303234386166633466643536666137663366306531
36303864313864303466393362393661613333306461313561323233633462653435633565396237
32633638326538353430353531643231336463323634373232653566636466633835623639303761
63663639356333383036393235323139613530666631663330343836613362306163303762653362
62353063653332393931613738666462633138386338346333363261363335396366643737373230
32633538393561653836653335316532363632633661336464343163303765643463323836303630
36373931643863306563373830613732666437353737663462623862363531386164646131353630
36393163363231313032626337316262313338663765343333376437366461326263623339613238
35636437306434633263333735383034656164663062353730306330393430643436626532633162
31373033393233333536303462323233663231333530636361663263393266366535356238303762
65326433643838616435353763323939653063356337663464353739633731303032373166303464
34646436336362626332633266656136663131386364373931333939336361316465313765666432
61323763336564343736323935373538316264386166323737613065396463616530306532303237
64623937343161656334643563376666653432356366626633323435343838663862313934633337
36643938646537373432
